"geodesic": true,
  "type": "MultiPolygon",
  "coordinates": -120.14923095703125 39.74943369178247 -120.16021728515625 39.690280594818034 -120.11627197265625 39.58240712203527 -120.4541015625 39.523110951240696 -120.47882080078125 39.42134249546523 -120.37994384765625 39.406488826849795 -120.2069091796875 38.976492485539396 -120.0311279296875 38.702659307238015 -119.51202392578125 38.136716904135376 -119.443359375 38.54172095604039 -119.60540771484375 38.67907761983558 -119.410400390625 38.82687052138064 -119.4378662109375 39.22161498006378 -119.52301025390625 39.406488826849795 -119.78668212890625 39.35341418045878 -119.93499755859375 39.609920257000795 -120.14923095703125 39.74943369178247
        ]
      ]
    ],
    [
      [
        [
          -118.9215087890625,
          38.976492485539396
        ],
        [
          -119.38568115234375,
          38.68122173079789
        ],
        [
          -119.49554443359375,
          38.15615696992492
        ],
        [
          -119.190673828125,
          37.84666368454913
        ],
        [
          -119.23736572265625,
          37.70772645289049
        ],
        [
          -119.11651611328125,
          37.74031329210266
        ],
        [
          -119.0203857421875,
          37.55981972178119
        ],
        [
          -118.92425537109375,
          37.5728821555562
        ],
        [
          -118.7896728515625,
          37.45523781879053
        ],
        [
          -117.8173828125,
          37.4530574713902
        ],
        [
          -118.36944580078125,
          37.86834903305901
        ],
        [
          -117.68280029296875,
          38.47509432050245
        ],
        [
          -117.92724609375,
          38.66406704456943
        ],
        [
          -118.9215087890625,
          38.976492485539396
        ]
      ]
    ],
    [
      [
        [
          -117.498779296875,
          40.002371935876475
        ],

          -118.048095703125
          40.000267972646796

          -118.2568359375
          39.77265852521458

          -118.3447265625
          39.47648555419739

          -118.0206298828125
          39.35553794109382

          -117.8558349609375
          39.41073305508496

          -117.938232421875
          39.1918195497717

          -117.77069091796875
          38.99570671505043

          -117.72125244140625
          39.21097520599528

          -117.685546875
          39.25352462727606

          -117.74322509765625
          39.35129035526705

          -117.47406005859375
          39.544293973019904

          -117.4493408203125
          39.63319206567459

          -117.586669921875
          39.920269337633975

          -117.498779296875
          40.002371935876475
        ]
      ]
    ]
  ]
}
